SPARC (MEQ) #1500 t=0.0000 05-Jul-2023             3  41  65
 1.500000000E+00 3.400000000E+00 1.849500000E+00 1.200000000E+00 0.000000000E+00
 1.605564374E+00 1.489804762E-04-2.910013289E-01-0.000000000E+00 1.220000000E+01
 2.000000000E+05-2.910013289E-01 0.000000000E+00 1.605564374E+00 0.000000000E+00
 1.489804762E-04 0.000000000E+00-0.000000000E+00 0.000000000E+00 0.000000000E+00
 2.256612167E+01 2.256601507E+01 2.256591185E+01 2.256581194E+01 2.256571528E+01
 2.256562181E+01 2.256553146E+01 2.256544417E+01 2.256535989E+01 2.256527854E+01
 2.256520007E+01 2.256512442E+01 2.256505152E+01 2.256498133E+01 2.256491377E+01
 2.256484879E+01 2.256478633E+01 2.256472634E+01 2.256466875E+01 2.256461351E+01
 2.256456056E+01 2.256450985E+01 2.256446131E+01 2.256441491E+01 2.256437057E+01
 2.256432825E+01 2.256428789E+01 2.256424944E+01 2.256421285E+01 2.256417806E+01
 2.256414502E+01 2.256411368E+01 2.256408400E+01 2.256405591E+01 2.256402938E+01
 2.256400434E+01 2.256398076E+01 2.256395858E+01 2.256393776E+01 2.256391825E+01
 2.256390000E+01
 1.846531074E+03 1.764252770E+03 1.683645179E+03 1.604717004E+03 1.527477231E+03
 1.451935138E+03 1.378100322E+03 1.305982712E+03 1.235592595E+03 1.166940640E+03
 1.100037923E+03 1.034895959E+03 9.715267313E+02 9.099427320E+02 8.501570002E+02
 7.921831684E+02 7.360355143E+02 6.817290185E+02 6.292794312E+02 5.787033478E+02
 5.300182958E+02 4.832428363E+02 4.383966807E+02 3.955008293E+02 3.545777351E+02
 3.156514987E+02 2.787481058E+02 2.438957163E+02 2.111250238E+02 1.804697089E+02
 1.519670202E+02 1.256585380E+02 1.015912014E+02 7.981873460E+01 6.040370731E+01
 4.342066014E+01 2.896117218E+01 1.714287773E+01 8.127980867E+00 2.172617257E+00
 0.000000000E+00
-3.359472742E-01-3.253699390E-01-3.149915460E-01-3.048108320E-01-2.948265257E-01
-2.850373475E-01-2.754420094E-01-2.660392149E-01-2.568276585E-01-2.478060257E-01
-2.389729932E-01-2.303272279E-01-2.218673874E-01-2.135921195E-01-2.055000619E-01
-1.975898423E-01-1.898600779E-01-1.823093751E-01-1.749363294E-01-1.677395252E-01
-1.607175353E-01-1.538689211E-01-1.471922314E-01-1.406860031E-01-1.343487603E-01
-1.281790140E-01-1.221752619E-01-1.163359881E-01-1.106596625E-01-1.051447403E-01
-9.978966216E-02-9.459285307E-02-8.955272232E-02-8.466766285E-02-7.993605078E-02
-7.535624484E-02-7.092658584E-02-6.664539603E-02-6.251097849E-02-5.852161646E-02
-5.467557258E-02
-1.142421144E+04-1.119515021E+04-1.096491115E+04-1.073345695E+04-1.050074809E+04
-1.026674263E+04-1.003139596E+04-9.794660595E+03-9.556485873E+03-9.316817630E+03
-9.075597844E+03-8.832764224E+03-8.588249733E+03-8.341982046E+03-8.093882919E+03
-7.843867456E+03-7.591843255E+03-7.337709403E+03-7.081355282E+03-6.822659153E+03
-6.561486446E+03-6.297687699E+03-6.031096030E+03-5.761524017E+03-5.488759801E+03
-5.212562157E+03-4.932654170E+03-4.648714997E+03-4.360368929E+03-4.067170582E+03
-3.768584343E+03-3.463955044E+03-3.152464677E+03-2.833065866E+03-2.504374308E+03
-2.164483318E+03-1.810615494E+03-1.438385324E+03-1.039925520E+03-5.972803671E+02
-0.000000000E+00
 4.533861271E-01 3.048100099E-01 1.602499607E-01 2.035715772E-02-1.142008636E-01
-2.427057912E-01-3.643784104E-01-4.783897737E-01-5.838902843E-01-6.800526477E-01
-7.661246517E-01-8.414881380E-01-9.057213290E-01-9.586628886E-01-1.000477672E+00
-1.031725840E+00-1.053438255E+00-1.067200384E+00-1.075241021E+00-1.080505520E+00
-1.086660150E+00-1.097930642E+00-1.118664637E+00-1.152601465E+00-1.202054463E+00
-1.267392793E+00-1.347105138E+00-1.438364814E+00-1.537738934E+00-1.641723811E+00
-1.747010999E+00-1.850553312E+00-1.949537826E+00-2.041342993E+00-2.123518486E+00
-2.193799786E+00-2.250154468E+00-2.290849233E+00-2.314523249E+00-2.320252471E+00
-2.307591737E+00 4.834036596E-01 3.566397856E-01 2.329652477E-01 1.132497783E-01
-1.668557478E-03-1.109542680E-01-2.137611730E-01-3.092337347E-01-3.965211063E-01
-4.748016373E-01-5.433155787E-01-6.014041388E-01-6.485539292E-01-6.844473275E-01
-7.090215781E-01-7.225428199E-01-7.257059718E-01-7.197771944E-01-7.067995414E-01
-6.898728260E-01-6.734638922E-01-6.635501484E-01-6.671603179E-01-6.908748716E-01
-7.386123382E-01-8.101122456E-01-9.013343415E-01-1.006355785E+00-1.119251838E+00
-1.235034713E+00-1.349780103E+00-1.460409379E+00-1.564429321E+00-1.659737119E+00
-1.744504815E+00-1.817128407E+00-1.876222161E+00-1.920640313E+00-1.949510825E+00
-1.962268224E+00-1.958674940E+00 5.011021690E-01 3.946528808E-01 2.905501072E-01
 1.897859053E-01 9.330739359E-02 2.038975190E-03-8.310476399E-02-1.612151136E-01
-2.313933767E-01-2.927618876E-01-3.444806691E-01-3.857687885E-01-4.159302269E-01
-4.343854752E-01-4.407125025E-01-4.347050681E-01-4.164643937E-01-3.865558685E-01
-3.462929222E-01-2.982632381E-01-2.472661183E-01-2.016884216E-01-1.743540978E-01
-1.799386933E-01-2.276698080E-01-3.153837022E-01-4.315921332E-01-5.629982552E-01
-6.995267430E-01-8.347863137E-01-9.648577420E-01-1.087221516E+00-1.200114361E+00
-1.302187754E+00-1.392339168E+00-1.469638484E+00-1.533306943E+00-1.582724231E+00
-1.617448311E+00-1.637237484E+00-1.642067547E+00 5.095207126E-01 4.215558314E-01
 3.353901078E-01 2.520679080E-01 1.725959107E-01 9.795809831E-02 2.912686000E-02
-3.293012601E-02-8.724697685E-02-1.328599888E-01-1.688104457E-01-1.941489983E-01
-2.079410598E-01-2.092733047E-01-1.972625297E-01-1.710702949E-01-1.299313192E-01
-7.321517543E-02-5.748705421E-04 8.765538652E-02 1.892949925E-01 2.967705825E-01
 3.880131789E-01 4.213970932E-01 3.662849361E-01 2.330304288E-01 6.190321045E-02
-1.160832103E-01-2.882375942E-01-4.500761401E-01-5.999172514E-01-7.370324268E-01
-8.610254749E-01-9.716150824E-01-1.068559997E+00-1.151641784E+00-1.220674080E+00
-1.275524318E+00-1.316139830E+00-1.342572875E+00-1.355000806E+00 5.110009381E-01
 4.395574475E-01 3.695262799E-01 3.019614980E-01 2.378940563E-01 1.783412981E-01
 1.243165418E-01 7.683805334E-02 3.693740156E-02 5.667737084E-03-1.588704794E-02
-2.660100137E-02-2.529107203E-02-1.069641849E-02 1.855063617E-02 6.396667348E-02
 1.272821514E-01 2.105526827E-01 3.163736297E-01 4.483315388E-01 6.119681969E-01
 8.166987264E-01 1.080014434E+00 1.221278703E+00 1.134000553E+00 8.367026984E-01
 5.531665725E-01 3.096943564E-01 9.557428540E-02-9.500462432E-02-2.653301778E-01
-4.174028865E-01-5.525338085E-01-6.716271894E-01-7.753259346E-01-8.640999836E-01
-9.383100888E-01-9.982591421E-01-1.044234985E+00-1.076545539E+00-1.095546106E+00
 5.073392209E-01 4.504295761E-01 3.946598059E-01 3.410720538E-01 2.906976953E-01
 2.445644641E-01 2.037057862E-01 1.691717070E-01 1.420414989E-01 1.234386384E-01
 1.145494018E-01 1.166468916E-01 1.311229627E-01 1.595314111E-01 2.036472348E-01
 2.655496302E-01 3.477431033E-01 4.533495068E-01 5.864602823E-01 7.529248598E-01
 9.624962130E-01 1.235409350E+00 1.618764443E+00 1.835796170E+00 1.727732907E+00
 1.318589567E+00 9.593877972E-01 6.711575533E-01 4.265778331E-01 2.140882159E-01
 2.773627537E-02-1.361449757E-01-2.800717224E-01-4.058659668E-01-5.148840293E-01
-6.081566259E-01-6.864874859E-01-7.505280950E-01-8.008360345E-01-8.379205276E-01
-8.622771911E-01 4.999456721E-01 4.555965744E-01 4.121972377E-01 3.707657970E-01
 3.323154670E-01 2.978623252E-01 2.684356271E-01 2.450905042E-01 2.289234628E-01
 2.210916470E-01 2.228374163E-01 2.355204471E-01 2.606603529E-01 2.999937242E-01
 3.555503705E-01 4.297537736E-01 5.255481977E-01 6.465429519E-01 7.971226451E-01
 9.823381549E-01 1.206971345E+00 1.471823094E+00 1.755400968E+00 1.911246338E+00
 1.831560690E+00 1.547982249E+00 1.231156460E+00 9.425001558E-01 6.879113491E-01
 4.652081480E-01 2.706052392E-01 1.005272881E-01-4.797108132E-02-1.772053997E-01
-2.889693381E-01-3.846541759E-01-4.653532414E-01-5.319467699E-01-5.851688405E-01
-6.256592488E-01-6.540029236E-01 4.899378772E-01 4.561993340E-01 4.232937075E-01
 3.922012161E-01 3.638973335E-01 3.393628245E-01 3.195953641E-01 3.056232205E-01
 2.985217999E-01 2.994342537E-01 3.095978575E-01 3.303785378E-01 3.633167820E-01
 4.101892562E-01 4.730916424E-01 5.545488443E-01 6.576564417E-01 7.862441510E-01
 9.450018444E-01 1.139332794E+00 1.374084129E+00 1.648007217E+00 1.928300081E+00
 2.082342917E+00 2.008100202E+00 1.739707703E+00 1.424607410E+00 1.133395153E+00
 8.768706277E-01 6.533447356E-01 4.587546493E-01 2.891866284E-01 1.414164917E-01
 1.291162034E-02-9.829243495E-02-1.937241438E-01-2.745881778E-01-3.418542276E-01
-3.963255841E-01-4.386914788E-01-4.695665905E-01 4.781507153E-01 4.531144880E-01
 4.288751139E-01 4.063525109E-01 3.864604481E-01 3.701183239E-01 3.582631172E-01
 3.518624916E-01 3.519300852E-01 3.595442196E-01 3.758716162E-01 4.021982684E-01
 4.399704784E-01 4.908504385E-01 5.567930647E-01 6.401550991E-01 7.438565386E-01
 8.716362278E-01 1.028503839E+00 1.221678927E+00 1.462950259E+00 1.775660832E+00
 2.215077445E+00 2.468818665E+00 2.362873812E+00 1.922306140E+00 1.541313517E+00
 1.241207896E+00 9.909770225E-01 7.768255578E-01 5.912412429E-01 4.294525131E-01
 2.881378539E-01 1.648629777E-01 5.778642870E-02-3.451822832E-02-1.131806524E-01
-1.791171574E-01-2.330916761E-01-2.757611499E-01-3.077095321E-01 4.650912545E-01
 4.469420745E-01 4.296428973E-01 4.140228885E-01 4.009067957E-01 3.911261033E-01
 3.855292697E-01 3.849921775E-01 3.904297720E-01 4.028098533E-01 4.231701191E-01
 4.526398282E-01 4.924679712E-01 5.440607674E-01 6.090331515E-01 6.892828391E-01
 7.871045371E-01 9.053835305E-01 1.047961920E+00 1.220407149E+00 1.431757493E+00
 1.698859027E+00 2.071125752E+00 2.275809751E+00 2.189153026E+00 1.824057121E+00
 1.504953662E+00 1.246658250E+00 1.027660566E+00 8.377023573E-01 6.710889597E-01
 5.242759209E-01 3.948361171E-01 2.809891598E-01 1.813672983E-01 9.488530172E-02
 2.065957527E-02-4.204695250E-02-9.386482363E-02-1.353481426E-01-1.669975578E-01
 4.508953134E-01 4.379946028E-01 4.260794209E-01 4.158564729E-01 4.080358181E-01
 4.033381825E-01 4.025010829E-01 4.062846202E-01 4.154775442E-01 4.309040283E-01
 4.534314644E-01 4.839794739E-01 5.235301678E-01 5.731394286E-01 6.339484822E-01
 7.071938952E-01 7.942110821E-01 8.964169027E-01 1.015224530E+00 1.151728004E+00
 1.305568204E+00 1.470801652E+00 1.622255853E+00 1.701780287E+00 1.665155188E+00
 1.527990820E+00 1.349562010E+00 1.169852491E+00 1.001347191E+00 8.469010307E-01
 7.066911999E-01 5.801767162E-01 4.666574809E-01 3.654379904E-01 2.758741353E-01
 1.973829143E-01 1.294392756E-01 7.156823026E-02 2.333544347E-02-1.566219896E-02
-4.580526611E-02 4.353410852E-01 4.263214960E-01 4.184742513E-01 4.123606742E-01
 4.085589806E-01 4.076650093E-01 4.102923858E-01 4.170723768E-01 4.286534663E-01
 4.457004591E-01 4.688926208E-01 4.989199272E-01 5.364757768E-01 5.822432681E-01
 6.368698305E-01 7.009205162E-01 7.747910930E-01 8.585426858E-01 9.515785026E-01
 1.052001461E+00 1.155371394E+00 1.252638553E+00 1.328308227E+00 1.363301326E+00
 1.345407909E+00 1.278152798E+00 1.177580874E+00 1.061035499E+00 9.404361307E-01
 8.224352968E-01 7.104576847E-01 6.062034140E-01 5.104747552E-01 4.236002143E-01
 3.456525733E-01 2.765638646E-01 2.161875567E-01 1.643326426E-01 1.207822266E-01
 8.530336963E-02 5.765200120E-02 4.179492027E-01 4.117872845E-01 4.069827680E-01
 4.039464154E-01 4.031218222E-01 4.049784371E-01 4.100051943E-01 4.187043061E-01
 4.315846733E-01 4.491541872E-01 4.719098797E-01 5.003243624E-01 5.348261549E-01
 5.757701325E-01 6.233920710E-01 6.777375797E-01 7.385498305E-01 8.050920047E-01
 8.758715558E-01 9.482372153E-01 1.017878901E+00 1.078464374E+00 1.122026292E+00
 1.140831337E+00 1.130398897E+00 1.091615264E+00 1.030095658E+00 9.534474603E-01
 8.687152769E-01 7.812684150E-01 6.947981386E-01 6.117135258E-01 5.335448694E-01
 4.612448428E-01 3.953903241E-01 3.363124560E-01 2.841795888E-01 2.390502321E-01
 2.009070208E-01 1.696786261E-01 1.452539871E-01 3.981602731E-01 3.941976506E-01
 3.917135032E-01 3.909846596E-01 3.923341045E-01 3.961172654E-01 4.027100673E-01
 4.124977515E-01 4.258635231E-01 4.431760120E-01 4.647743239E-01 4.909490734E-01
 5.219172094E-01 5.577875955E-01 5.985131822E-01 6.438242998E-01 6.931366372E-01
 7.454284618E-01 7.990885770E-01 8.517573191E-01 9.002277549E-01 9.405407209E-01
 9.684432226E-01 9.802664378E-01 9.739620319E-01 9.497507858E-01 9.099746440E-01
 8.582747838E-01 7.986159341E-01 7.345956276E-01 6.691437080E-01 6.044955478E-01
 5.422907899E-01 4.837023971E-01 4.295536444E-01 3.804108859E-01 3.366527088E-01
 2.985199665E-01 2.661514805E-01 2.396093940E-01 2.188972010E-01 3.755457600E-01
 3.734448767E-01 3.728262563E-01 3.738686042E-01 3.768029548E-01 3.818949505E-01
 3.894294862E-01 3.996965098E-01 4.129769312E-01 4.295276212E-01 4.495644126E-01
 4.732418513E-01 5.006282191E-01 5.316741165E-01 5.661727916E-01 6.037107360E-01
 6.436084596E-01 6.848549069E-01 7.260462762E-01 7.653523440E-01 8.005491285E-01
 8.291663530E-01 8.487817143E-01 8.574331500E-01 8.540310735E-01 8.386025158E-01
 8.122548641E-01 7.768861810E-01 7.347841041E-01 6.882659808E-01 6.394417365E-01
 5.901029834E-01 5.417018101E-01 4.953782689E-01 4.520070009E-01 4.122463215E-01
 3.765822008E-01 3.453647222E-01 3.188370659E-01 2.971580250E-01 2.804193002E-01
 3.499905316E-01 3.496328992E-01 3.506155716E-01 3.530658379E-01 3.571601457E-01
 3.631058235E-01 3.711249699E-01 3.814394681E-01 3.942562464E-01 4.097519897E-01
 4.280565380E-01 4.492342196E-01 4.732624028E-01 5.000066908E-01 5.291925805E-01
 5.603742562E-01 5.929028302E-01 6.258990999E-01 6.582399045E-01 6.885717783E-01
 7.153685452E-01 7.370464376E-01 7.521364487E-01 7.594887482E-01 7.584582328E-01
 7.490122059E-01 7.317232847E-01 7.076540853E-01 6.781785992E-01 6.447969015E-01
 6.089850268E-01 5.720966682E-01 5.353132694E-01 4.996296630E-01 4.658614075E-01
 4.346629723E-01 4.065496929E-01 3.819195097E-01 3.610725812E-01 3.442280998E-01
 3.315382891E-01 3.217935041E-01 3.231469911E-01 3.255568298E-01 3.291458994E-01
 3.340745583E-01 3.405248008E-01 3.486857174E-01 3.587396351E-01 3.708484117E-01
 3.851394331E-01 4.016909408E-01 4.205164038E-01 4.415478009E-01 4.646179423E-01
 4.894424168E-01 5.156025050E-01 5.425315181E-01 5.695084968E-01 5.956647959E-01
 6.200101107E-01 6.414838362E-01 6.590339043E-01 6.717177878E-01 6.788106586E-01
 6.798979639E-01 6.749291962E-01 6.642188443E-01 6.483961193E-01 6.283194683E-01
 6.049785426E-01 5.794038254E-01 5.525961474E-01 5.254797512E-01 4.988765696E-01
 4.734966331E-01 4.499391882E-01 4.287000200E-01 4.101817379E-01 3.947049437E-01
 3.825190774E-01 3.738123355E-01 2.916627789E-01 2.946516226E-01 2.983035633E-01
 3.027753982E-01 3.082443996E-01 3.148966412E-01 3.229154574E-01 3.324698945E-01
 3.437030283E-01 3.567200696E-01 3.715762487E-01 3.882645701E-01 4.067036744E-01
 4.267262686E-01 4.480689169E-01 4.703644488E-01 4.931388149E-01 5.158148174E-01
 5.377255417E-01 5.581401580E-01 5.763036078E-01 5.914892262E-01 6.030597530E-01
 6.105283894E-01 6.136091959E-01 6.122467602E-01 6.066191642E-01 5.971145593E-01
 5.842876540E-01 5.688058693E-01 5.513950216E-01 5.327919183E-01 5.137077698E-01
 4.948032044E-01 4.766736133E-01 4.598426000E-01 4.447611662E-01 4.318105719E-01
 4.213072848E-01 4.135088989E-01 4.086203007E-01 2.606181249E-01 2.650231414E-01
 2.696392554E-01 2.746820131E-01 2.803691892E-01 2.869136037E-01 2.945149565E-01
 3.033509186E-01 3.135676969E-01 3.252703270E-01 3.385130025E-01 3.532898206E-01
 3.695264067E-01 3.870729960E-01 4.056997088E-01 4.250949453E-01 4.448680198E-01
 4.645572804E-01 4.836449111E-01 5.015792191E-01 5.178043341E-01 5.317958687E-01
 5.430994126E-01 5.513672391E-01 5.563879026E-01 5.581040023E-01 5.566153349E-01
 5.521674322E-01 5.451281888E-01 5.359570786E-01 5.251719304E-01 5.133175214E-01
 5.009388570E-01 4.885604918E-01 4.766720099E-01 4.657189848E-01 4.560983598E-01
 4.481571175E-01 4.421932222E-01 4.384580057E-01 4.371593779E-01 2.298389251E-01
 2.352410370E-01 2.403984616E-01 2.455964488E-01 2.511066125E-01 2.571835284E-01
 2.640594661E-01 2.719376956E-01 2.809848228E-01 2.913226887E-01 3.030204451E-01
 3.160874414E-01 3.304675443E-01 3.460355028E-01 3.625959605E-01 3.798856934E-01
 3.975795888E-01 4.153007759E-01 4.326351569E-01 4.491502768E-01 4.644179576E-01
 4.780394194E-01 4.896708720E-01 4.990469751E-01 5.059994107E-01 5.104682246E-01
 5.125045759E-01 5.122648563E-01 5.099974478E-01 5.060243402E-01 5.007202218E-01
 4.944915020E-01 4.877571708E-01 4.809326861E-01 4.744173936E-01 4.685854474E-01
 4.637798586E-01 4.603091299E-01 4.584458936E-01 4.584270175E-01 4.604547202E-01
 2.005012036E-01 2.062670509E-01 2.113768896E-01 2.161853279E-01 2.210223789E-01
 2.261926972E-01 2.319722417E-01 2.386028333E-01 2.462851829E-01 2.551711861E-01
 2.653565211E-01 2.768745009E-01 2.896919516E-01 3.037077451E-01 3.187544808E-01
 3.346036089E-01 3.509739816E-01 3.675435164E-01 3.839635783E-01 3.998755892E-01
 4.149291748E-01 4.288008806E-01 4.412121908E-01 4.519453985E-01 4.608558826E-01
 4.678796223E-01 4.730352968E-01 4.764209808E-01 4.782061068E-01 4.786198761E-01
 4.779375654E-01 4.764661733E-01 4.745306386E-01 4.724615212E-01 4.705846676E-01
 4.692130551E-01 4.686407590E-01 4.691388253E-01 4.709527528E-01 4.743012641E-01
 4.793760617E-01 1.736368694E-01 1.789366778E-01 1.832484178E-01 1.869879131E-01
 1.905418993E-01 1.942688443E-01 1.984964481E-01 2.035161992E-01 2.095754451E-01
 2.168680041E-01 2.255254303E-01 2.356103629E-01 2.471127986E-01 2.599499049E-01
 2.739698793E-01 2.889600574E-01 3.046587145E-01 3.207690577E-01 3.369744392E-01
 3.529540665E-01 3.683986046E-01 3.830250249E-01 3.965899858E-01 4.089010045E-01
 4.198247378E-01 4.292918603E-01 4.372982994E-01 4.439029168E-01 4.492220588E-01
 4.534216639E-01 4.567077738E-01 4.593163192E-01 4.615029707E-01 4.635336805E-01
 4.656763415E-01 4.681937995E-01 4.713382848E-01 4.753472103E-01 4.804402006E-01
 4.868171770E-01 4.946573097E-01 1.500321487E-01 1.538783544E-01 1.565020656E-01
 1.583672008E-01 1.599117994E-01 1.615497595E-01 1.636682098E-01 1.666209832E-01
 1.707175769E-01 1.762078361E-01 1.832690928E-01 1.919974470E-01 2.024033295E-01
 2.144117105E-01 2.278678626E-01 2.425496567E-01 2.581856661E-01 2.744734114E-01
 2.910967998E-01 3.077420985E-01 3.241122277E-01 3.399391294E-01 3.549939548E-01
 3.690948546E-01 3.821122221E-01 3.939713237E-01 4.046523652E-01 4.141881747E-01
 4.226598239E-01 4.301906283E-01 4.369390417E-01 4.430909816E-01 4.488520822E-01
 4.544402953E-01 4.600791521E-01 4.659918864E-01 4.723965190E-01 4.795019141E-01
 4.875047606E-01 4.965873865E-01 5.069162968E-01 1.301692105E-01 1.314674854E-01
 1.314072051E-01 1.304835191E-01 1.291784318E-01 1.279631000E-01 1.272938614E-01
 1.276056340E-01 1.292970826E-01 1.326958550E-01 1.380384015E-01 1.454591246E-01
 1.549846799E-01 1.665329557E-01 1.799189701E-01 1.948729912E-01 2.110763376E-01
 2.281856586E-01 2.458537914E-01 2.637463054E-01 2.815548648E-01 2.990075428E-01
 3.158761703E-01 3.319809751E-01 3.471928470E-01 3.614335538E-01 3.746741964E-01
 3.869321685E-01 3.982668922E-01 4.087746156E-01 4.185825821E-01 4.278428817E-01
 4.367262805E-01 4.454162845E-01 4.541036458E-01 4.629814527E-01 4.722408910E-01
 4.820677073E-01 4.926393612E-01 5.041228257E-01 5.166729702E-01 1.142089098E-01
 1.118184601E-01 1.080132109E-01 1.032979815E-01 9.819081497E-02 9.322510438E-02
 8.893669465E-02 8.586816951E-02 8.457303188E-02 8.549218989E-02 8.893768953E-02
 9.508848319E-02 1.039846263E-01 1.155207542E-01 1.294418107E-01 1.453565794E-01
 1.628497636E-01 1.814955870E-01 2.008836078E-01 2.206333445E-01 2.404062852E-01
 2.599138504E-01 2.789212849E-01 2.972483949E-01 3.147681224E-01 3.314037202E-01
 3.471250195E-01 3.619440877E-01 3.759104656E-01 3.891061223E-01 4.016402590E-01
 4.136440938E-01 4.252657604E-01 4.366654477E-01 4.480108886E-01 4.594732827E-01
 4.712237071E-01 4.834300432E-01 4.962544193E-01 5.098511486E-01 5.243651275E-01
 1.020125102E-01 9.481846813E-02 8.619156968E-02 7.661455532E-02 6.663529962E-02
 5.687330535E-02 4.793329084E-02 4.045551780E-02 3.539182521E-02 3.332161710E-02
 3.463383045E-02 3.955685456E-02 4.815080789E-02 6.028953937E-02 7.561537483E-02
 9.338839081E-02 1.130699136E-01 1.341012089E-01 1.559811610E-01 1.782614446E-01
 2.005598929E-01 2.225659893E-01 2.440393485E-01 2.648044732E-01 2.847440759E-01
 3.037922087E-01 3.219277406E-01 3.391683380E-01 3.555649230E-01 3.711965277E-01
 3.861654724E-01 4.005928247E-01 4.146141295E-01 4.283754229E-01 4.420295596E-01
 4.557328805E-01 4.696422469E-01 4.839124538E-01 4.986940259E-01 5.141313857E-01
 5.303613757E-01 9.320200084E-02 8.021135770E-02 6.573741883E-02 5.017529916E-02
 3.409076191E-02 1.836168682E-02 3.558624013E-03-1.012797010E-02-1.997921846E-02
-2.565866255E-02-2.677010282E-02-2.302837476E-02-1.432518165E-02-7.253447412E-04
 1.760113398E-02 3.839246363E-02 6.143656216E-02 8.588814985E-02 1.111687199E-01
 1.367387349E-01 1.621649009E-01 1.871211685E-01 2.113750315E-01 2.347716512E-01
 2.572194526E-01 2.786781621E-01 2.991492358E-01 3.186682561E-01 3.372988066E-01
 3.551274002E-01 3.722591385E-01 3.888138839E-01 4.049228086E-01 4.207252479E-01
 4.363658229E-01 4.519918246E-01 4.677508612E-01 4.837887716E-01 5.002478106E-01
 5.172651009E-01 5.349713458E-01 8.725252366E-02 6.774455170E-02 4.657899070E-02
 2.387517227E-02-5.629025441E-05-2.283892163E-02-4.381146310E-02-6.209142004E-02
-7.638451958E-02-8.575638612E-02-8.951477527E-02-8.723014699E-02-7.877683076E-02
-6.435434796E-02-4.450480324E-02-2.018591021E-02 7.975446544E-03 3.703507181E-02
 6.680229581E-02 9.651553262E-02 1.256935386E-01 1.540267809E-01 1.813261638E-01
 2.074892720E-01 2.324764395E-01 2.562939475E-01 2.789823713E-01 3.006084678E-01
 3.212593883E-01 3.410383717E-01 3.600613568E-01 3.784541621E-01 3.963500207E-01
 4.138873532E-01 4.312077209E-01 4.484539348E-01 4.657683193E-01 4.832911345E-01
 5.011591658E-01 5.195044868E-01 5.384533985E-01 8.357951853E-02 5.736644289E-02
 2.921170829E-02-1.299649884E-03-3.171751144E-02-6.096786384E-02-8.799202807E-02
-1.116240125E-01-1.306106455E-01-1.438202268E-01-1.503555645E-01-1.496509332E-01
-1.415419482E-01-1.262944607E-01-1.045869375E-01-7.744420621E-02-4.608824355E-02
-1.202856739E-02 2.374375350E-02 5.853187232E-02 9.203471671E-02 1.240684754E-01
 1.545594630E-01 1.835086083E-01 2.109638392E-01 2.370027077E-01 2.617220983E-01
 2.852321739E-01 3.076527143E-01 3.291107516E-01 3.497388794E-01 3.696738839E-01
 3.890555160E-01 4.080253115E-01 4.267254282E-01 4.452974958E-01 4.638814918E-01
 4.826146640E-01 5.016305204E-01 5.210579038E-01 5.410201676E-01 8.156021296E-02
 4.923097991E-02 1.484179122E-02-2.221751296E-02-5.881322339E-02-9.402021666E-02
-1.266830232E-01-1.554704559E-01-1.789772519E-01-1.958798520E-01-2.050966704E-01
-2.059288128E-01-1.981614924E-01-1.821020321E-01-1.585466208E-01-1.286807151E-01
-9.393849067E-02-5.586550794E-02-1.591795475E-02 2.447749735E-02 6.259561939E-02
 9.839730015E-02 1.319990618E-01 1.635627202E-01 1.932598323E-01 2.212604789E-01
 2.477302865E-01 2.728302784E-01 2.967176102E-01 3.195464451E-01 3.414686758E-01
 3.626343902E-01 3.831920620E-01 4.032884891E-01 4.230685213E-01 4.426746256E-01
 4.622463373E-01 4.819196439E-01 5.018263408E-01 5.220933933E-01 5.428423316E-01
 8.055601122E-02 4.320015552E-02 3.721389402E-03-3.837744208E-02-7.986407991E-02
-1.198610750E-01-1.571319888E-01-1.902034590E-01-2.175008915E-01-2.375181404E-01
-2.490045050E-01-2.511398486E-01-2.436582403E-01-2.268962628E-01-2.017515799E-01
-1.695628793E-01-1.319453988E-01-9.061922671E-02-4.726217526E-02-3.455723717E-03
 3.923821817E-02 7.846183693E-02 1.147467200E-01 1.484874119E-01 1.800012286E-01
 2.095561518E-01 2.373862377E-01 2.637013384E-01 2.886937430E-01 3.125428712E-01
 3.354186067E-01 3.574836178E-01 3.788949114E-01 3.998047950E-01 4.203613911E-01
 4.407088135E-01 4.609870998E-01 4.813319740E-01 5.018745002E-01 5.227406772E-01
 5.440510132E-01 8.008783040E-02 3.909277961E-02-4.548844785E-03-4.908448495E-02
-9.344099045E-02-1.364522073E-01-1.767156392E-01-2.126179111E-01-2.424453589E-01
-2.645536841E-01-2.775695182E-01-2.805838746E-01-2.732918263E-01-2.560479337E-01
-2.298197783E-01-1.960535803E-01-1.564906841E-01-1.129717373E-01-6.727531691E-02
-2.100960697E-02 2.443247080E-02 6.586015078E-02 1.039080746E-01 1.390782954E-01
 1.717746788E-01 2.023299536E-01 2.310254553E-01 2.581052945E-01 2.837865043E-01
 3.082663056E-01 3.317272879E-01 3.543410637E-01 3.762707924E-01 3.976728641E-01
 4.186979565E-01 4.394916271E-01 4.601945675E-01 4.809426166E-01 5.018666102E-01
 5.230921279E-01 5.447391856E-01 7.994536928E-02 3.772282720E-02-7.185300419E-03
-5.273939728E-02-9.811829352E-02-1.421771000E-01-1.834823396E-01-2.203757333E-01
-2.510930985E-01-2.739393924E-01-2.874961621E-01-2.908209618E-01-2.835952791E-01
-2.661796905E-01-2.395657385E-01-2.052394332E-01-1.649859609E-01-1.206889151E-01
-7.415893404E-02-2.701537984E-02 1.936575829E-02 6.155229409E-02 1.002115894E-01
 1.358784372E-01 1.689847530E-01 1.998852981E-01 2.288779689E-01 2.562190572E-01
 2.821344560E-01 3.068277803E-01 3.304861940E-01 3.532845394E-01 3.753882109E-01
 3.969550971E-01 4.181368315E-01 4.390795330E-01 4.599241727E-01 4.808066751E-01
 5.018578366E-01 5.232031249E-01 5.449624128E-01 8.008783040E-02 3.909277961E-02
-4.548844785E-03-4.908448495E-02-9.344099045E-02-1.364522073E-01-1.767156392E-01
-2.126179111E-01-2.424453589E-01-2.645536841E-01-2.775695182E-01-2.805838746E-01
-2.732918263E-01-2.560479337E-01-2.298197783E-01-1.960535803E-01-1.564906841E-01
-1.129717373E-01-6.727531691E-02-2.100960697E-02 2.443247080E-02 6.586015078E-02
 1.039080746E-01 1.390782954E-01 1.717746788E-01 2.023299536E-01 2.310254553E-01
 2.581052945E-01 2.837865043E-01 3.082663056E-01 3.317272879E-01 3.543410637E-01
 3.762707924E-01 3.976728641E-01 4.186979565E-01 4.394916271E-01 4.601945675E-01
 4.809426166E-01 5.018666102E-01 5.230921279E-01 5.447391856E-01 8.055601122E-02
 4.320015552E-02 3.721389402E-03-3.837744208E-02-7.986407991E-02-1.198610750E-01
-1.571319888E-01-1.902034590E-01-2.175008915E-01-2.375181404E-01-2.490045050E-01
-2.511398486E-01-2.436582403E-01-2.268962628E-01-2.017515799E-01-1.695628793E-01
-1.319453988E-01-9.061922671E-02-4.726217526E-02-3.455723717E-03 3.923821817E-02
 7.846183693E-02 1.147467200E-01 1.484874119E-01 1.800012286E-01 2.095561518E-01
 2.373862377E-01 2.637013384E-01 2.886937430E-01 3.125428712E-01 3.354186067E-01
 3.574836178E-01 3.788949114E-01 3.998047950E-01 4.203613911E-01 4.407088135E-01
 4.609870998E-01 4.813319740E-01 5.018745002E-01 5.227406772E-01 5.440510132E-01
 8.156021296E-02 4.923097991E-02 1.484179122E-02-2.221751296E-02-5.881322339E-02
-9.402021666E-02-1.266830232E-01-1.554704559E-01-1.789772519E-01-1.958798520E-01
-2.050966704E-01-2.059288128E-01-1.981614924E-01-1.821020321E-01-1.585466208E-01
-1.286807151E-01-9.393849067E-02-5.586550794E-02-1.591795475E-02 2.447749735E-02
 6.259561939E-02 9.839730015E-02 1.319990618E-01 1.635627202E-01 1.932598323E-01
 2.212604789E-01 2.477302865E-01 2.728302784E-01 2.967176102E-01 3.195464451E-01
 3.414686758E-01 3.626343902E-01 3.831920620E-01 4.032884891E-01 4.230685213E-01
 4.426746256E-01 4.622463373E-01 4.819196439E-01 5.018263408E-01 5.220933933E-01
 5.428423316E-01 8.357951853E-02 5.736644289E-02 2.921170829E-02-1.299649884E-03
-3.171751144E-02-6.096786384E-02-8.799202807E-02-1.116240125E-01-1.306106455E-01
-1.438202268E-01-1.503555645E-01-1.496509332E-01-1.415419482E-01-1.262944607E-01
-1.045869375E-01-7.744420621E-02-4.608824355E-02-1.202856739E-02 2.374375350E-02
 5.853187232E-02 9.203471671E-02 1.240684754E-01 1.545594630E-01 1.835086083E-01
 2.109638392E-01 2.370027077E-01 2.617220983E-01 2.852321739E-01 3.076527143E-01
 3.291107516E-01 3.497388794E-01 3.696738839E-01 3.890555160E-01 4.080253115E-01
 4.267254282E-01 4.452974958E-01 4.638814918E-01 4.826146640E-01 5.016305204E-01
 5.210579038E-01 5.410201676E-01 8.725252366E-02 6.774455170E-02 4.657899070E-02
 2.387517227E-02-5.629025440E-05-2.283892163E-02-4.381146310E-02-6.209142004E-02
-7.638451958E-02-8.575638612E-02-8.951477527E-02-8.723014699E-02-7.877683076E-02
-6.435434796E-02-4.450480324E-02-2.018591021E-02 7.975446544E-03 3.703507181E-02
 6.680229581E-02 9.651553262E-02 1.256935386E-01 1.540267809E-01 1.813261638E-01
 2.074892720E-01 2.324764395E-01 2.562939475E-01 2.789823713E-01 3.006084678E-01
 3.212593883E-01 3.410383717E-01 3.600613568E-01 3.784541621E-01 3.963500207E-01
 4.138873532E-01 4.312077209E-01 4.484539348E-01 4.657683193E-01 4.832911345E-01
 5.011591658E-01 5.195044868E-01 5.384533985E-01 9.320200084E-02 8.021135770E-02
 6.573741883E-02 5.017529916E-02 3.409076191E-02 1.836168682E-02 3.558624013E-03
-1.012797010E-02-1.997921846E-02-2.565866255E-02-2.677010282E-02-2.302837476E-02
-1.432518165E-02-7.253447411E-04 1.760113398E-02 3.839246363E-02 6.143656216E-02
 8.588814985E-02 1.111687199E-01 1.367387349E-01 1.621649009E-01 1.871211685E-01
 2.113750315E-01 2.347716512E-01 2.572194526E-01 2.786781621E-01 2.991492358E-01
 3.186682561E-01 3.372988066E-01 3.551274002E-01 3.722591385E-01 3.888138839E-01
 4.049228086E-01 4.207252479E-01 4.363658229E-01 4.519918246E-01 4.677508612E-01
 4.837887716E-01 5.002478106E-01 5.172651009E-01 5.349713458E-01 1.020125102E-01
 9.481846813E-02 8.619156968E-02 7.661455532E-02 6.663529962E-02 5.687330535E-02
 4.793329084E-02 4.045551780E-02 3.539182521E-02 3.332161710E-02 3.463383045E-02
 3.955685456E-02 4.815080789E-02 6.028953937E-02 7.561537483E-02 9.338839081E-02
 1.130699136E-01 1.341012089E-01 1.559811610E-01 1.782614446E-01 2.005598929E-01
 2.225659893E-01 2.440393485E-01 2.648044732E-01 2.847440759E-01 3.037922087E-01
 3.219277406E-01 3.391683380E-01 3.555649230E-01 3.711965277E-01 3.861654724E-01
 4.005928247E-01 4.146141295E-01 4.283754229E-01 4.420295596E-01 4.557328805E-01
 4.696422469E-01 4.839124538E-01 4.986940259E-01 5.141313857E-01 5.303613757E-01
 1.142089098E-01 1.118184601E-01 1.080132109E-01 1.032979815E-01 9.819081497E-02
 9.322510438E-02 8.893669465E-02 8.586816951E-02 8.457303188E-02 8.549218989E-02
 8.893768953E-02 9.508848319E-02 1.039846263E-01 1.155207542E-01 1.294418107E-01
 1.453565794E-01 1.628497636E-01 1.814955870E-01 2.008836078E-01 2.206333445E-01
 2.404062852E-01 2.599138504E-01 2.789212849E-01 2.972483949E-01 3.147681224E-01
 3.314037202E-01 3.471250195E-01 3.619440877E-01 3.759104656E-01 3.891061223E-01
 4.016402590E-01 4.136440938E-01 4.252657604E-01 4.366654477E-01 4.480108886E-01
 4.594732827E-01 4.712237071E-01 4.834300432E-01 4.962544193E-01 5.098511486E-01
 5.243651275E-01 1.301692105E-01 1.314674854E-01 1.314072051E-01 1.304835191E-01
 1.291784318E-01 1.279631000E-01 1.272938614E-01 1.276056340E-01 1.292970826E-01
 1.326958550E-01 1.380384015E-01 1.454591246E-01 1.549846799E-01 1.665329557E-01
 1.799189701E-01 1.948729912E-01 2.110763376E-01 2.281856586E-01 2.458537914E-01
 2.637463054E-01 2.815548648E-01 2.990075428E-01 3.158761703E-01 3.319809751E-01
 3.471928470E-01 3.614335538E-01 3.746741964E-01 3.869321685E-01 3.982668922E-01
 4.087746156E-01 4.185825821E-01 4.278428817E-01 4.367262805E-01 4.454162845E-01
 4.541036458E-01 4.629814527E-01 4.722408910E-01 4.820677073E-01 4.926393612E-01
 5.041228257E-01 5.166729702E-01 1.500321487E-01 1.538783544E-01 1.565020656E-01
 1.583672008E-01 1.599117994E-01 1.615497595E-01 1.636682098E-01 1.666209832E-01
 1.707175769E-01 1.762078361E-01 1.832690928E-01 1.919974470E-01 2.024033295E-01
 2.144117105E-01 2.278678626E-01 2.425496567E-01 2.581856661E-01 2.744734114E-01
 2.910967998E-01 3.077420985E-01 3.241122277E-01 3.399391294E-01 3.549939548E-01
 3.690948546E-01 3.821122221E-01 3.939713237E-01 4.046523652E-01 4.141881747E-01
 4.226598239E-01 4.301906283E-01 4.369390417E-01 4.430909816E-01 4.488520822E-01
 4.544402953E-01 4.600791521E-01 4.659918864E-01 4.723965190E-01 4.795019141E-01
 4.875047606E-01 4.965873865E-01 5.069162968E-01 1.736368694E-01 1.789366778E-01
 1.832484178E-01 1.869879131E-01 1.905418993E-01 1.942688443E-01 1.984964481E-01
 2.035161992E-01 2.095754451E-01 2.168680041E-01 2.255254303E-01 2.356103629E-01
 2.471127986E-01 2.599499049E-01 2.739698793E-01 2.889600574E-01 3.046587145E-01
 3.207690577E-01 3.369744392E-01 3.529540665E-01 3.683986046E-01 3.830250249E-01
 3.965899858E-01 4.089010045E-01 4.198247378E-01 4.292918603E-01 4.372982994E-01
 4.439029168E-01 4.492220588E-01 4.534216639E-01 4.567077738E-01 4.593163192E-01
 4.615029707E-01 4.635336805E-01 4.656763415E-01 4.681937995E-01 4.713382848E-01
 4.753472103E-01 4.804402006E-01 4.868171770E-01 4.946573097E-01 2.005012036E-01
 2.062670509E-01 2.113768896E-01 2.161853279E-01 2.210223789E-01 2.261926972E-01
 2.319722417E-01 2.386028333E-01 2.462851829E-01 2.551711861E-01 2.653565211E-01
 2.768745009E-01 2.896919516E-01 3.037077451E-01 3.187544808E-01 3.346036089E-01
 3.509739816E-01 3.675435164E-01 3.839635783E-01 3.998755892E-01 4.149291748E-01
 4.288008806E-01 4.412121908E-01 4.519453985E-01 4.608558826E-01 4.678796223E-01
 4.730352968E-01 4.764209808E-01 4.782061068E-01 4.786198761E-01 4.779375654E-01
 4.764661733E-01 4.745306386E-01 4.724615212E-01 4.705846676E-01 4.692130551E-01
 4.686407590E-01 4.691388253E-01 4.709527528E-01 4.743012641E-01 4.793760617E-01
 2.298389251E-01 2.352410370E-01 2.403984616E-01 2.455964488E-01 2.511066125E-01
 2.571835284E-01 2.640594661E-01 2.719376956E-01 2.809848228E-01 2.913226887E-01
 3.030204451E-01 3.160874414E-01 3.304675443E-01 3.460355028E-01 3.625959605E-01
 3.798856934E-01 3.975795888E-01 4.153007759E-01 4.326351569E-01 4.491502768E-01
 4.644179576E-01 4.780394194E-01 4.896708720E-01 4.990469751E-01 5.059994107E-01
 5.104682246E-01 5.125045759E-01 5.122648563E-01 5.099974478E-01 5.060243402E-01
 5.007202218E-01 4.944915020E-01 4.877571708E-01 4.809326861E-01 4.744173936E-01
 4.685854474E-01 4.637798586E-01 4.603091299E-01 4.584458936E-01 4.584270175E-01
 4.604547202E-01 2.606181249E-01 2.650231414E-01 2.696392554E-01 2.746820131E-01
 2.803691892E-01 2.869136037E-01 2.945149565E-01 3.033509186E-01 3.135676969E-01
 3.252703270E-01 3.385130025E-01 3.532898206E-01 3.695264067E-01 3.870729960E-01
 4.056997088E-01 4.250949453E-01 4.448680198E-01 4.645572804E-01 4.836449111E-01
 5.015792191E-01 5.178043341E-01 5.317958687E-01 5.430994126E-01 5.513672391E-01
 5.563879026E-01 5.581040023E-01 5.566153349E-01 5.521674322E-01 5.451281888E-01
 5.359570786E-01 5.251719304E-01 5.133175214E-01 5.009388570E-01 4.885604918E-01
 4.766720099E-01 4.657189848E-01 4.560983598E-01 4.481571175E-01 4.421932222E-01
 4.384580057E-01 4.371593779E-01 2.916627789E-01 2.946516226E-01 2.983035633E-01
 3.027753982E-01 3.082443996E-01 3.148966412E-01 3.229154574E-01 3.324698945E-01
 3.437030283E-01 3.567200696E-01 3.715762487E-01 3.882645701E-01 4.067036744E-01
 4.267262686E-01 4.480689169E-01 4.703644488E-01 4.931388149E-01 5.158148174E-01
 5.377255417E-01 5.581401580E-01 5.763036078E-01 5.914892262E-01 6.030597530E-01
 6.105283894E-01 6.136091959E-01 6.122467602E-01 6.066191642E-01 5.971145593E-01
 5.842876540E-01 5.688058693E-01 5.513950216E-01 5.327919183E-01 5.137077698E-01
 4.948032044E-01 4.766736133E-01 4.598426000E-01 4.447611662E-01 4.318105719E-01
 4.213072848E-01 4.135088989E-01 4.086203007E-01 3.217935041E-01 3.231469911E-01
 3.255568298E-01 3.291458994E-01 3.340745583E-01 3.405248008E-01 3.486857174E-01
 3.587396351E-01 3.708484117E-01 3.851394331E-01 4.016909408E-01 4.205164038E-01
 4.415478009E-01 4.646179423E-01 4.894424168E-01 5.156025050E-01 5.425315181E-01
 5.695084968E-01 5.956647959E-01 6.200101107E-01 6.414838362E-01 6.590339043E-01
 6.717177878E-01 6.788106586E-01 6.798979639E-01 6.749291962E-01 6.642188443E-01
 6.483961193E-01 6.283194683E-01 6.049785426E-01 5.794038254E-01 5.525961474E-01
 5.254797512E-01 4.988765696E-01 4.734966331E-01 4.499391882E-01 4.287000200E-01
 4.101817379E-01 3.947049437E-01 3.825190774E-01 3.738123355E-01 3.499905316E-01
 3.496328992E-01 3.506155716E-01 3.530658379E-01 3.571601457E-01 3.631058235E-01
 3.711249699E-01 3.814394681E-01 3.942562464E-01 4.097519897E-01 4.280565380E-01
 4.492342196E-01 4.732624028E-01 5.000066908E-01 5.291925805E-01 5.603742562E-01
 5.929028302E-01 6.258990999E-01 6.582399045E-01 6.885717783E-01 7.153685452E-01
 7.370464376E-01 7.521364487E-01 7.594887482E-01 7.584582328E-01 7.490122059E-01
 7.317232847E-01 7.076540853E-01 6.781785992E-01 6.447969015E-01 6.089850268E-01
 5.720966682E-01 5.353132694E-01 4.996296630E-01 4.658614075E-01 4.346629723E-01
 4.065496929E-01 3.819195097E-01 3.610725812E-01 3.442280998E-01 3.315382891E-01
 3.755457600E-01 3.734448767E-01 3.728262563E-01 3.738686042E-01 3.768029548E-01
 3.818949505E-01 3.894294862E-01 3.996965098E-01 4.129769312E-01 4.295276212E-01
 4.495644126E-01 4.732418513E-01 5.006282191E-01 5.316741165E-01 5.661727916E-01
 6.037107360E-01 6.436084596E-01 6.848549069E-01 7.260462762E-01 7.653523440E-01
 8.005491285E-01 8.291663530E-01 8.487817143E-01 8.574331500E-01 8.540310735E-01
 8.386025158E-01 8.122548641E-01 7.768861810E-01 7.347841041E-01 6.882659808E-01
 6.394417365E-01 5.901029834E-01 5.417018101E-01 4.953782689E-01 4.520070009E-01
 4.122463215E-01 3.765822008E-01 3.453647222E-01 3.188370659E-01 2.971580250E-01
 2.804193002E-01 3.981602731E-01 3.941976506E-01 3.917135032E-01 3.909846596E-01
 3.923341045E-01 3.961172654E-01 4.027100673E-01 4.124977515E-01 4.258635231E-01
 4.431760120E-01 4.647743239E-01 4.909490734E-01 5.219172094E-01 5.577875955E-01
 5.985131822E-01 6.438242998E-01 6.931366372E-01 7.454284618E-01 7.990885770E-01
 8.517573191E-01 9.002277549E-01 9.405407209E-01 9.684432226E-01 9.802664378E-01
 9.739620319E-01 9.497507858E-01 9.099746440E-01 8.582747838E-01 7.986159341E-01
 7.345956276E-01 6.691437080E-01 6.044955478E-01 5.422907899E-01 4.837023971E-01
 4.295536444E-01 3.804108859E-01 3.366527088E-01 2.985199665E-01 2.661514805E-01
 2.396093940E-01 2.188972010E-01 4.179492027E-01 4.117872845E-01 4.069827680E-01
 4.039464154E-01 4.031218222E-01 4.049784371E-01 4.100051943E-01 4.187043061E-01
 4.315846733E-01 4.491541872E-01 4.719098797E-01 5.003243624E-01 5.348261549E-01
 5.757701325E-01 6.233920710E-01 6.777375797E-01 7.385498305E-01 8.050920047E-01
 8.758715558E-01 9.482372153E-01 1.017878901E+00 1.078464374E+00 1.122026292E+00
 1.140831337E+00 1.130398897E+00 1.091615264E+00 1.030095658E+00 9.534474603E-01
 8.687152769E-01 7.812684150E-01 6.947981386E-01 6.117135258E-01 5.335448694E-01
 4.612448428E-01 3.953903241E-01 3.363124560E-01 2.841795888E-01 2.390502321E-01
 2.009070208E-01 1.696786261E-01 1.452539871E-01 4.353410852E-01 4.263214960E-01
 4.184742513E-01 4.123606742E-01 4.085589806E-01 4.076650093E-01 4.102923858E-01
 4.170723768E-01 4.286534663E-01 4.457004591E-01 4.688926208E-01 4.989199272E-01
 5.364757768E-01 5.822432681E-01 6.368698305E-01 7.009205162E-01 7.747910930E-01
 8.585426858E-01 9.515785026E-01 1.052001461E+00 1.155371394E+00 1.252638553E+00
 1.328308227E+00 1.363301326E+00 1.345407909E+00 1.278152798E+00 1.177580874E+00
 1.061035499E+00 9.404361307E-01 8.224352968E-01 7.104576847E-01 6.062034140E-01
 5.104747552E-01 4.236002143E-01 3.456525733E-01 2.765638646E-01 2.161875567E-01
 1.643326426E-01 1.207822266E-01 8.530336963E-02 5.765200120E-02 4.508953134E-01
 4.379946028E-01 4.260794209E-01 4.158564729E-01 4.080358181E-01 4.033381825E-01
 4.025010829E-01 4.062846202E-01 4.154775442E-01 4.309040283E-01 4.534314644E-01
 4.839794739E-01 5.235301678E-01 5.731394286E-01 6.339484822E-01 7.071938952E-01
 7.942110821E-01 8.964169027E-01 1.015224530E+00 1.151728004E+00 1.305568204E+00
 1.470801652E+00 1.622255853E+00 1.701780287E+00 1.665155188E+00 1.527990820E+00
 1.349562010E+00 1.169852491E+00 1.001347191E+00 8.469010307E-01 7.066911999E-01
 5.801767162E-01 4.666574809E-01 3.654379904E-01 2.758741353E-01 1.973829143E-01
 1.294392756E-01 7.156823026E-02 2.333544347E-02-1.566219896E-02-4.580526611E-02
 4.650912545E-01 4.469420745E-01 4.296428973E-01 4.140228885E-01 4.009067957E-01
 3.911261033E-01 3.855292697E-01 3.849921775E-01 3.904297720E-01 4.028098533E-01
 4.231701191E-01 4.526398282E-01 4.924679712E-01 5.440607674E-01 6.090331515E-01
 6.892828391E-01 7.871045371E-01 9.053835305E-01 1.047961920E+00 1.220407149E+00
 1.431757493E+00 1.698859027E+00 2.071125752E+00 2.275809751E+00 2.189153026E+00
 1.824057121E+00 1.504953662E+00 1.246658250E+00 1.027660566E+00 8.377023573E-01
 6.710889597E-01 5.242759209E-01 3.948361171E-01 2.809891598E-01 1.813672983E-01
 9.488530172E-02 2.065957527E-02-4.204695250E-02-9.386482363E-02-1.353481426E-01
-1.669975578E-01 4.781507153E-01 4.531144880E-01 4.288751139E-01 4.063525109E-01
 3.864604481E-01 3.701183239E-01 3.582631172E-01 3.518624916E-01 3.519300852E-01
 3.595442196E-01 3.758716162E-01 4.021982684E-01 4.399704784E-01 4.908504385E-01
 5.567930647E-01 6.401550991E-01 7.438565386E-01 8.716362278E-01 1.028503839E+00
 1.221678927E+00 1.462950259E+00 1.775660832E+00 2.215077445E+00 2.468818665E+00
 2.362873812E+00 1.922306140E+00 1.541313517E+00 1.241207896E+00 9.909770225E-01
 7.768255578E-01 5.912412429E-01 4.294525131E-01 2.881378539E-01 1.648629777E-01
 5.778642870E-02-3.451822832E-02-1.131806524E-01-1.791171574E-01-2.330916761E-01
-2.757611499E-01-3.077095321E-01 4.899378772E-01 4.561993340E-01 4.232937075E-01
 3.922012161E-01 3.638973335E-01 3.393628245E-01 3.195953641E-01 3.056232205E-01
 2.985217999E-01 2.994342537E-01 3.095978575E-01 3.303785378E-01 3.633167820E-01
 4.101892562E-01 4.730916424E-01 5.545488443E-01 6.576564417E-01 7.862441510E-01
 9.450018444E-01 1.139332794E+00 1.374084129E+00 1.648007217E+00 1.928300081E+00
 2.082342917E+00 2.008100202E+00 1.739707703E+00 1.424607410E+00 1.133395153E+00
 8.768706277E-01 6.533447356E-01 4.587546493E-01 2.891866284E-01 1.414164917E-01
 1.291162034E-02-9.829243495E-02-1.937241438E-01-2.745881778E-01-3.418542276E-01
-3.963255841E-01-4.386914788E-01-4.695665905E-01 4.999456721E-01 4.555965744E-01
 4.121972377E-01 3.707657970E-01 3.323154670E-01 2.978623252E-01 2.684356271E-01
 2.450905042E-01 2.289234628E-01 2.210916470E-01 2.228374163E-01 2.355204471E-01
 2.606603529E-01 2.999937242E-01 3.555503705E-01 4.297537736E-01 5.255481977E-01
 6.465429519E-01 7.971226451E-01 9.823381549E-01 1.206971345E+00 1.471823094E+00
 1.755400968E+00 1.911246338E+00 1.831560690E+00 1.547982249E+00 1.231156460E+00
 9.425001558E-01 6.879113491E-01 4.652081480E-01 2.706052392E-01 1.005272881E-01
-4.797108132E-02-1.772053997E-01-2.889693381E-01-3.846541759E-01-4.653532414E-01
-5.319467699E-01-5.851688405E-01-6.256592488E-01-6.540029236E-01 5.073392209E-01
 4.504295761E-01 3.946598059E-01 3.410720538E-01 2.906976953E-01 2.445644641E-01
 2.037057862E-01 1.691717070E-01 1.420414989E-01 1.234386384E-01 1.145494018E-01
 1.166468916E-01 1.311229627E-01 1.595314111E-01 2.036472348E-01 2.655496302E-01
 3.477431033E-01 4.533495068E-01 5.864602823E-01 7.529248598E-01 9.624962130E-01
 1.235409350E+00 1.618764443E+00 1.835796170E+00 1.727732907E+00 1.318589567E+00
 9.593877972E-01 6.711575533E-01 4.265778331E-01 2.140882159E-01 2.773627537E-02
-1.361449757E-01-2.800717224E-01-4.058659668E-01-5.148840293E-01-6.081566259E-01
-6.864874859E-01-7.505280950E-01-8.008360345E-01-8.379205276E-01-8.622771911E-01
 5.110009381E-01 4.395574475E-01 3.695262799E-01 3.019614980E-01 2.378940563E-01
 1.783412981E-01 1.243165418E-01 7.683805334E-02 3.693740156E-02 5.667737084E-03
-1.588704794E-02-2.660100137E-02-2.529107203E-02-1.069641849E-02 1.855063617E-02
 6.396667348E-02 1.272821514E-01 2.105526827E-01 3.163736297E-01 4.483315388E-01
 6.119681969E-01 8.166987264E-01 1.080014434E+00 1.221278703E+00 1.134000553E+00
 8.367026984E-01 5.531665725E-01 3.096943564E-01 9.557428540E-02-9.500462432E-02
-2.653301778E-01-4.174028865E-01-5.525338085E-01-6.716271894E-01-7.753259346E-01
-8.640999836E-01-9.383100888E-01-9.982591421E-01-1.044234985E+00-1.076545539E+00
-1.095546106E+00 5.095207126E-01 4.215558314E-01 3.353901078E-01 2.520679080E-01
 1.725959107E-01 9.795809831E-02 2.912686000E-02-3.293012601E-02-8.724697685E-02
-1.328599888E-01-1.688104457E-01-1.941489983E-01-2.079410598E-01-2.092733047E-01
-1.972625297E-01-1.710702949E-01-1.299313192E-01-7.321517543E-02-5.748705421E-04
 8.765538652E-02 1.892949925E-01 2.967705825E-01 3.880131789E-01 4.213970932E-01
 3.662849361E-01 2.330304288E-01 6.190321045E-02-1.160832103E-01-2.882375942E-01
-4.500761401E-01-5.999172514E-01-7.370324268E-01-8.610254749E-01-9.716150824E-01
-1.068559997E+00-1.151641784E+00-1.220674080E+00-1.275524318E+00-1.316139830E+00
-1.342572875E+00-1.355000806E+00 5.011021690E-01 3.946528808E-01 2.905501072E-01
 1.897859053E-01 9.330739359E-02 2.038975190E-03-8.310476399E-02-1.612151136E-01
-2.313933767E-01-2.927618876E-01-3.444806691E-01-3.857687885E-01-4.159302269E-01
-4.343854752E-01-4.407125025E-01-4.347050681E-01-4.164643937E-01-3.865558685E-01
-3.462929222E-01-2.982632381E-01-2.472661183E-01-2.016884216E-01-1.743540978E-01
-1.799386933E-01-2.276698080E-01-3.153837022E-01-4.315921332E-01-5.629982552E-01
-6.995267430E-01-8.347863137E-01-9.648577420E-01-1.087221516E+00-1.200114361E+00
-1.302187754E+00-1.392339168E+00-1.469638484E+00-1.533306943E+00-1.582724231E+00
-1.617448311E+00-1.637237484E+00-1.642067547E+00 4.834036596E-01 3.566397856E-01
 2.329652477E-01 1.132497783E-01-1.668557478E-03-1.109542680E-01-2.137611730E-01
-3.092337347E-01-3.965211063E-01-4.748016373E-01-5.433155787E-01-6.014041388E-01
-6.485539292E-01-6.844473275E-01-7.090215781E-01-7.225428199E-01-7.257059718E-01
-7.197771944E-01-7.067995414E-01-6.898728260E-01-6.734638922E-01-6.635501484E-01
-6.671603179E-01-6.908748716E-01-7.386123382E-01-8.101122456E-01-9.013343415E-01
-1.006355785E+00-1.119251838E+00-1.235034713E+00-1.349780103E+00-1.460409379E+00
-1.564429321E+00-1.659737119E+00-1.744504815E+00-1.817128407E+00-1.876222161E+00
-1.920640313E+00-1.949510825E+00-1.962268224E+00-1.958674940E+00 4.533861271E-01
 3.048100099E-01 1.602499607E-01 2.035715772E-02-1.142008636E-01-2.427057912E-01
-3.643784104E-01-4.783897737E-01-5.838902843E-01-6.800526477E-01-7.661246517E-01
-8.414881380E-01-9.057213290E-01-9.586628886E-01-1.000477672E+00-1.031725840E+00
-1.053438255E+00-1.067200384E+00-1.075241021E+00-1.080505520E+00-1.086660150E+00
-1.097930642E+00-1.118664637E+00-1.152601465E+00-1.202054463E+00-1.267392793E+00
-1.347105138E+00-1.438364814E+00-1.537738934E+00-1.641723811E+00-1.747010999E+00
-1.850553312E+00-1.949537826E+00-2.041342993E+00-2.123518486E+00-2.193799786E+00
-2.250154468E+00-2.290849233E+00-2.314523249E+00-2.320252471E+00-2.307591737E+00
-1.197283031E+01-1.161895619E+01-1.183746740E+01-1.232512802E+01-1.284314774E+01
-1.320947569E+01-1.339118764E+01-1.345164555E+01-1.357568283E+01-1.387308688E+01
-1.423798992E+01-1.453882151E+01-1.476349770E+01-1.497683170E+01-1.522851052E+01
-1.552022694E+01-1.584124460E+01-1.618178322E+01-1.653258506E+01-1.688452181E+01
-1.722952602E+01-1.757268120E+01-1.792777945E+01-1.830897147E+01-1.872405729E+01
-1.916831356E+01-1.963544247E+01-2.011777471E+01-2.060456155E+01-2.108394716E+01
-2.155226120E+01-2.201864177E+01-2.249436980E+01-2.299411332E+01-2.353556810E+01
-2.414727526E+01-2.486018551E+01-2.566162431E+01-2.652166116E+01-2.741596782E+01
-2.831642280E+01
   32   73
 1.269005700E+00 1.489804762E-04 1.272806815E+00 6.633857428E-02 1.283918509E+00
 1.333790598E-01 1.305500812E+00 2.006450422E-01 1.345232710E+00 2.604806440E-01
 1.402716775E+00 3.037318650E-01 1.468572590E+00 3.308764032E-01 1.537593523E+00
 3.418615216E-01 1.605564374E+00 3.389554248E-01 1.670140684E+00 3.247960127E-01
 1.730214680E+00 3.010814398E-01 1.785036020E+00 2.687472799E-01 1.834117352E+00
 2.287019583E-01 1.875254060E+00 1.803498678E-01 1.906883044E+00 1.249592601E-01
 1.927028574E+00 6.409218559E-02 1.934330052E+00 1.489804762E-04 1.927102043E+00
-6.380883860E-02 1.907000491E+00-1.247099475E-01 1.875400548E+00-1.801497866E-01
 1.834271636E+00-2.285582821E-01 1.785170968E+00-2.686512838E-01 1.730316746E+00
-3.010298874E-01 1.670196525E+00-3.247787858E-01 1.605564374E+00-3.389554248E-01
 1.537534271E+00-3.418614404E-01 1.468460400E+00-3.308492917E-01 1.402570233E+00
-3.036532200E-01 1.345092769E+00-2.603226247E-01 1.305400487E+00-2.004141167E-01
 1.283858468E+00-1.331059690E-01 1.272768232E+00-6.604828795E-02
 1.269000000E+00 0.000000000E+00 1.269000000E+00-5.000000000E-01 1.264000000E+00
-5.000000000E-01 1.433200000E+00-1.059200000E+00 1.385900000E+00-1.116000000E+00
 1.385100000E+00-1.115400000E+00 1.294900000E+00-1.223600000E+00 1.320000000E+00
-1.210000000E+00 1.440700000E+00-1.209000000E+00 1.440700000E+00-1.210000000E+00
 1.509300000E+00-1.209000000E+00 1.570800000E+00-1.296400000E+00 1.570000000E+00
-1.297000000E+00 1.720000000E+00-1.510000000E+00 1.720000000E+00-1.575000000E+00
 1.840000000E+00-1.575000000E+00 1.840000000E+00-1.380000000E+00 1.695000000E+00
-1.380000000E+00 1.658500000E+00-1.217700000E+00 1.657500000E+00-1.217900000E+00
 1.644900000E+00-1.161900000E+00 1.840000000E+00-1.040000000E+00 2.030000000E+00
-8.700000000E-01 2.030025459E+00-8.700000000E-01 2.087823499E+00-8.154336000E-01
 2.139574111E+00-7.608672000E-01 2.185744761E+00-7.063008000E-01 2.226760410E+00
-6.517344000E-01 2.263024532E+00-5.971680000E-01 2.303928244E+00-5.257120000E-01
 2.338044364E+00-4.542560000E-01 2.366018049E+00-3.828000000E-01 2.389795264E+00
-3.062400000E-01 2.407710311E+00-2.296800000E-01 2.420197948E+00-1.531200000E-01
 2.427565593E+00-7.656000000E-02 2.430000000E+00 0.000000000E+00 2.427565593E+00
 7.656000000E-02 2.420197948E+00 1.531200000E-01 2.407710311E+00 2.296800000E-01
 2.389795264E+00 3.062400000E-01 2.366018049E+00 3.828000000E-01 2.338044364E+00
 4.542560000E-01 2.303928244E+00 5.257120000E-01 2.263024532E+00 5.971680000E-01
 2.226760410E+00 6.517344000E-01 2.185744761E+00 7.063008000E-01 2.139574111E+00
 7.608672000E-01 2.087823499E+00 8.154336000E-01 2.030025459E+00 8.700000000E-01
 2.030000000E+00 8.700000000E-01 1.840000000E+00 1.040000000E+00 1.644900000E+00
 1.161900000E+00 1.657500000E+00 1.217900000E+00 1.658500000E+00 1.217700000E+00
 1.695000000E+00 1.380000000E+00 1.840000000E+00 1.380000000E+00 1.840000000E+00
 1.575000000E+00 1.720000000E+00 1.575000000E+00 1.720000000E+00 1.510000000E+00
 1.570000000E+00 1.297000000E+00 1.570800000E+00 1.296400000E+00 1.509300000E+00
 1.209000000E+00 1.440700000E+00 1.210000000E+00 1.440700000E+00 1.209000000E+00
 1.320000000E+00 1.210000000E+00 1.294900000E+00 1.223600000E+00 1.385100000E+00
 1.115400000E+00 1.385900000E+00 1.116000000E+00 1.433200000E+00 1.059200000E+00
 1.264000000E+00 5.000000000E-01 1.269000000E+00 5.000000000E-01 1.269000000E+00
 0.000000000E+00
   -2.91001329e-01   psiaxis, psi0/2pi =    -4.63142999e-02
    1.60556437e+00   r-magaxe
    1.48980476e-04   z-magaxe
    4.05971796e-08   Z0 (zaver)
    1.84950000e+00   R0 [m]
    1.22000000e+01   B0 [T]
    1.00000000e+00   SIGN OF B0 IN EXPERIMENT
    1.11384739e-02   TOTAL CURRENT -> I-p [A]:      2.00000000e+05
    1.00000000e+00   SIGN OF IP IN EXPERIMENT
    1.02765359e+00   kappa
   -1.19728303e+01   q_0        zrhopol(1)      0.00000000e+00
   -2.83164228e+01   q_edge
    8.50000000e-02   beta_pol
    6.50438284e-06   beta_tor
    7.26996169e-01   li
    2.00000000e+00   number of X points
    7.44964903e-01  R of Xpt nb: 1  -> in [m]:     1.37781259e+00
   -6.02754833e-01  Z of Xpt nb: 1  -> in [m]:    -1.11479506e+00
    7.45440872e-01  R of Xpt nb: 2  -> in [m]:     1.37869289e+00
    6.03503311e-01  Z of Xpt nb: 2  -> in [m]:     1.11617937e+00
    0.00000000e+00   time
   1500   shot number
  11   COCOS
